SEG_MOVETO: (148.53, 306.03)
SEG_LINETO: (115.20, 226.72)
SEG_LINETO: (82.30, 306.03)
SEG_CLOSE
SEG_MOVETO: (24.22, 380.00)
SEG_LINETO: (24.22, 374.80)
SEG_QUADTO: (35.33, 373.53, 40.88, 366.36)
SEG_QUADTO: (46.44, 359.19, 59.94, 327.41)
SEG_LINETO: (119.98, 186.08)
SEG_LINETO: (125.61, 186.08)
SEG_LINETO: (197.33, 349.34)
SEG_QUADTO: (204.50, 365.66, 208.79, 369.52)
SEG_QUADTO: (213.08, 373.39, 223.20, 374.80)
SEG_LINETO: (223.20, 380.00)
SEG_LINETO: (149.94, 380.00)
SEG_LINETO: (149.94, 374.80)
SEG_QUADTO: (162.59, 373.67, 166.25, 372.05)
SEG_QUADTO: (169.91, 370.44, 169.91, 364.11)
SEG_QUADTO: (169.91, 362.00, 168.50, 356.66)
SEG_QUADTO: (167.09, 351.31, 164.56, 345.41)
SEG_LINETO: (152.61, 317.70)
SEG_LINETO: (77.23, 317.70)
SEG_QUADTO: (65.98, 345.97, 63.80, 352.23)
SEG_QUADTO: (61.63, 358.48, 61.63, 362.14)
SEG_QUADTO: (61.63, 369.45, 67.53, 372.27)
SEG_QUADTO: (71.19, 373.95, 81.31, 374.80)
SEG_LINETO: (81.31, 380.00)
SEG_CLOSE
SEG_MOVETO: (350.63, 361.02)
SEG_QUADTO: (365.53, 352.44, 365.53, 328.11)
SEG_QUADTO: (365.53, 303.92, 348.09, 295.06)
SEG_QUADTO: (330.66, 286.20, 303.66, 286.20)
SEG_QUADTO: (297.05, 286.20, 295.29, 286.20)
SEG_QUADTO: (293.53, 286.20, 289.88, 286.06)
SEG_LINETO: (289.88, 357.78)
SEG_QUADTO: (289.88, 365.23, 294.09, 367.41)
SEG_QUADTO: (298.31, 369.59, 313.64, 369.59)
SEG_QUADTO: (335.72, 369.59, 350.63, 361.02)
SEG_CLOSE
SEG_MOVETO: (232.92, 374.80)
SEG_QUADTO: (250.36, 373.81, 255.49, 369.38)
SEG_QUADTO: (260.63, 364.95, 260.63, 348.78)
SEG_LINETO: (260.63, 220.67)
SEG_QUADTO: (260.63, 204.78, 255.49, 200.21)
SEG_QUADTO: (250.36, 195.64, 232.92, 194.80)
SEG_LINETO: (232.92, 189.45)
SEG_LINETO: (313.64, 189.45)
SEG_QUADTO: (348.23, 189.45, 368.55, 200.56)
SEG_QUADTO: (388.88, 211.67, 388.88, 238.81)
SEG_QUADTO: (388.88, 259.20, 374.67, 269.75)
SEG_QUADTO: (366.66, 275.80, 350.63, 279.73)
SEG_QUADTO: (370.45, 284.52, 384.52, 295.70)
SEG_QUADTO: (398.58, 306.88, 398.58, 326.98)
SEG_QUADTO: (398.58, 360.73, 367.36, 373.39)
SEG_QUADTO: (350.91, 380.00, 326.86, 380.00)
SEG_LINETO: (232.92, 380.00)
SEG_CLOSE
SEG_MOVETO: (341.34, 270.03)
SEG_QUADTO: (359.63, 261.59, 359.63, 239.80)
SEG_QUADTO: (359.63, 214.06, 338.53, 205.06)
SEG_QUADTO: (326.86, 200.14, 303.09, 200.14)
SEG_QUADTO: (294.09, 200.14, 291.98, 201.69)
SEG_QUADTO: (289.88, 203.23, 289.88, 210.13)
SEG_LINETO: (289.88, 275.09)
SEG_LINETO: (317.30, 274.67)
SEG_QUADTO: (331.78, 274.39, 341.34, 270.03)
SEG_CLOSE
SEG_MOVETO: (558.66, 190.72)
SEG_QUADTO: (575.11, 195.36, 577.08, 195.36)
SEG_QUADTO: (581.16, 195.36, 584.81, 193.11)
SEG_QUADTO: (588.47, 190.86, 589.88, 186.08)
SEG_LINETO: (595.92, 186.08)
SEG_LINETO: (598.59, 250.77)
SEG_LINETO: (591.98, 250.77)
SEG_QUADTO: (586.22, 231.50, 576.94, 219.69)
SEG_QUADTO: (559.22, 197.47, 529.27, 197.47)
SEG_QUADTO: (499.03, 197.47, 479.84, 221.38)
SEG_QUADTO: (460.64, 245.28, 460.64, 287.19)
SEG_QUADTO: (460.64, 325.72, 480.82, 348.71)
SEG_QUADTO: (501.00, 371.70, 531.94, 371.70)
SEG_QUADTO: (554.30, 371.70, 573.14, 361.02)
SEG_QUADTO: (583.97, 354.97, 596.91, 342.73)
SEG_LINETO: (602.25, 348.08)
SEG_QUADTO: (592.69, 360.17, 578.48, 369.31)
SEG_QUADTO: (554.30, 384.78, 526.03, 384.78)
SEG_QUADTO: (479.63, 384.78, 452.34, 355.11)
SEG_QUADTO: (427.17, 327.69, 427.17, 286.63)
SEG_QUADTO: (427.17, 244.58, 453.75, 216.03)
SEG_QUADTO: (481.73, 186.08, 526.59, 186.08)
SEG_QUADTO: (542.20, 186.08, 558.66, 190.72)
SEG_CLOSE